3501.2	108.807
3500.31	111.597
3499.41	122.74
3498.51	114.355
3497.62	114.339
3496.72	117.111
3495.82	119.882
3494.93	114.29
3494.03	114.274
3493.13	136.552
3492.24	114.242
3491.34	114.226
3490.44	144.851
3489.54	122.549
3488.65	119.747
3487.75	114.161
3486.85	125.282
3485.95	111.346
3485.05	133.596
3484.16	130.794
3483.26	102.951
3482.36	125.193
3481.46	122.394
3480.56	108.47
3479.66	105.674
3478.76	139.025
3477.86	119.545
3476.96	100.07
3476.06	119.511
3475.17	119.494
3474.27	130.591
3473.37	119.46
3472.47	116.666
3471.57	111.095
3470.67	133.295
3469.76	124.946
3468.86	108.271
3467.96	99.9287
3467.06	141.546
3466.16	135.976
3465.26	135.956
3464.36	130.389
3463.46	127.597
3462.56	155.313
3461.66	116.468
3460.75	119.225
3459.85	141.386
3458.95	108.103
3458.05	124.717
3457.15	121.928
3456.24	108.058
3455.34	94.1908
3454.44	127.417
3453.54	116.32
3452.63	102.458
3451.73	110.75
3450.83	94.1243
3449.92	132.863
3449.02	116.238
3448.12	124.523
3447.21	99.6047
3446.31	124.488
3445.41	132.769
3444.5	107.859
3443.6	124.436
3442.69	110.594
3441.79	116.107
3440.89	93.9782
3439.98	99.4922
3439.08	129.874
3438.17	129.856
3437.27	127.075
3436.36	127.057
3435.46	127.039
3434.55	115.976
3433.64	99.3939
3432.74	104.901
3431.83	115.927
3430.93	118.67
3430.02	102.097
3429.12	121.396
3428.21	121.378
3427.3	132.394
3426.4	91.0081
3425.49	110.297
3424.58	129.581
3423.68	90.9696
3422.77	101.982
3421.86	118.503
3420.95	107.464
3420.05	115.714
3419.14	121.207
3418.23	96.4011
3417.32	118.419
3416.42	96.3738
3415.51	104.62
3414.6	118.369
3413.69	126.609
3412.78	112.831
3411.87	77.0446
3410.97	96.2921
3410.06	123.787
3409.15	99.0153
3408.24	121.002
3407.33	98.9873
3406.42	96.224
3405.51	112.704
3404.6	101.694
3403.69	112.672
3402.78	85.1788
3401.87	98.9033
3400.96	140.093
3400.05	101.622
3399.14	129.069
3398.23	109.83
3397.32	112.56
3396.41	120.779
3395.5	98.8055
3394.59	112.513
3393.68	107.009
3392.77	104.25
3391.85	101.493
3390.94	131.647
3390.03	85.0103
3389.12	128.868
3388.21	95.9522
3387.29	126.091
3386.38	90.4436
3385.47	101.392
3384.56	106.858
3383.65	128.759
3382.73	106.827
3381.82	104.074
3380.91	98.582
3379.99	95.8301
3379.08	104.029
3378.17	123.175
3377.25	79.3683
3376.34	114.931
3375.43	106.707
3374.51	128.577
3373.6	112.147
3372.68	98.4565
3371.77	98.4426
3370.86	98.4286
3369.94	101.148
3369.03	101.134
3368.11	106.586
3367.2	109.303
3366.28	117.484
3365.37	112.004
3364.45	92.8683
3363.54	101.048
3362.62	98.3033
3361.71	122.862
3360.79	95.5456
3359.87	90.0731
3358.96	84.6021
3358.04	111.877
3357.12	106.405
3356.21	133.669
3355.29	139.105
3354.38	98.178
3353.46	109.071
3352.54	103.603
3351.62	89.9583
3350.71	106.299
3349.79	119.91
3348.87	84.4704
3347.95	122.601
3347.04	114.411
3346.12	106.224
3345.2	111.656
3344.28	100.748
3343.36	106.179
3342.45	84.3866
3341.53	103.427
3340.61	100.691
3339.69	100.677
3338.77	122.427
3337.85	84.3269
3336.93	114.233
3336.01	106.059
3335.09	84.291
3334.17	111.466
3333.26	103.295
3332.34	103.281
3331.42	111.418
3330.5	97.817
3329.57	105.953
3328.65	122.237
3327.73	105.923
3326.81	89.6147
3325.89	116.754
3324.97	116.738
3324.05	105.863
3323.13	116.704
3322.21	130.256
3321.29	100.392
3320.37	111.229
3319.44	94.9382
3318.52	108.485
3317.6	103.046
3316.68	111.166
3315.76	100.306
3314.83	130.109
3313.91	100.278
3312.99	132.782
3312.07	124.634
3311.14	97.5261
3310.22	92.0949
3309.3	105.623
3308.37	100.193
3307.45	105.593
3306.53	138.064
3305.6	110.977
3304.68	105.548
3303.76	102.827
3302.83	94.6961
3301.91	129.85
3300.98	119.013
3300.06	102.769
3299.13	108.163
3298.21	97.3326
3297.29	113.539
3296.36	102.711
3295.44	129.722
3294.51	110.788
3293.58	99.9653
3292.66	102.652
3291.73	105.339
3290.81	102.623
3289.88	105.309
3288.96	124.193
3288.03	105.279
3287.1	89.0697
3286.18	107.948
3285.25	99.8377
3284.32	107.917
3283.4	113.297
3282.47	86.3093
3281.54	107.871
3280.62	91.6776
3279.69	97.0566
3278.76	78.1734
3277.83	107.81
3276.91	137.438
3275.98	118.557
3275.05	102.376
3274.12	107.749
3273.19	110.427
3272.27	118.49
3271.34	88.8549
3270.41	104.995
3269.48	102.289
3268.55	134.571
3267.62	94.1865
3266.69	91.4825
3265.76	86.0889
3264.83	121.045
3263.9	104.891
3262.98	121.011
3262.05	107.55
3261.12	86.0278
3260.19	118.271
3259.26	102.129
3258.32	104.802
3257.39	120.908
3256.46	85.9667
3255.53	99.3849
3254.6	85.9423
3253.67	91.3007
3252.74	112.767
3251.81	115.436
3250.88	91.2618
3249.95	88.565
3249.01	120.753
3248.08	91.2228
3247.15	109.988
3246.22	83.1501
3245.29	101.911
3244.35	91.171
3243.42	107.245
3242.49	104.549
3241.56	99.1732
3240.62	85.7592
3239.69	104.504
3238.76	96.4517
3237.82	101.796
3236.89	101.781
3235.96	96.4105
3235.02	101.752
3234.09	117.802
3233.16	82.9848
3232.22	99.0322
3231.29	101.694
3230.35	88.3009
3229.42	101.665
3228.48	93.6259
3227.55	77.5647
3226.61	96.2735
3225.68	93.5859
3224.74	104.267
3223.81	98.9055
3222.87	90.8732
3221.94	104.222
3221	101.535
3220.07	98.8493
3219.13	114.863
3218.2	88.1378
3217.26	101.478
3216.32	96.1229
3215.39	114.797
3214.45	117.45
3213.51	90.744
3212.58	93.3997
3211.64	96.0546
3210.7	101.377
3209.76	85.3575
3208.83	88.0124
3207.89	109.333
3206.95	98.6525
3206.01	103.97
3205.08	95.9589
3204.14	93.2801
3203.2	101.261
3202.26	114.569
3201.32	103.896
3200.39	103.882
3199.45	125.173
3198.51	98.5262
3197.57	127.8
3196.63	122.457
3195.69	98.4841
3194.75	103.793
3193.81	98.4561
3192.87	95.7815
3191.93	98.428
3190.99	111.713
3190.05	109.038
3189.11	90.4087
3188.17	101.031
3187.23	103.675
3186.29	101.002
3185.35	108.96
3184.41	100.973
3183.47	111.586
3182.53	106.257
3181.59	108.898
3180.64	100.916
3179.7	95.5906
3178.76	76.9926
3177.82	106.182
3176.88	103.512
3175.94	116.766
3174.99	84.9089
3174.05	95.5089
3173.11	98.148
3172.17	92.8294
3171.22	114.031
3170.28	103.409
3169.34	82.1852
3168.39	98.0781
3167.45	106.015
3166.51	108.65
3165.56	95.3865
3164.62	95.3729
3163.68	108.604
3162.73	84.7517
3161.79	82.0916
3160.84	105.909
3159.9	108.542
3158.96	100.585
3158.01	92.6312
3157.07	84.6793
3156.12	100.542
3155.18	111.11
3154.23	111.094
3153.29	92.5651
3152.34	100.485
3151.39	79.3189
3150.45	95.1691
3149.5	79.2963
3148.56	84.5707
3147.61	113.626
3146.67	76.6203
3145.72	97.743
3144.77	84.5224
3143.83	110.92
3142.88	100.342
3141.93	89.7667
3140.99	100.313
3140.04	95.0199
3139.09	84.4501
3138.14	116.102
3137.2	113.447
3136.25	110.793
3135.3	92.3146
3134.35	89.6642
3133.4	92.2883
3132.46	87.0022
3131.51	105.442
3130.56	92.2488
3129.61	89.6003
3128.66	94.8574
3127.71	92.2093
3126.76	102.733
3125.81	113.253
3124.86	121.137
3123.92	89.5236
3122.97	107.94
3122.02	113.189
3121.07	97.381
3120.12	123.683
3119.17	76.3039
3118.22	110.493
3117.27	94.695
3116.31	102.572
3115.36	102.557
3114.41	113.059
3113.46	99.8988
3112.51	86.7418
3111.56	105.127
3110.61	99.856
3109.66	107.724
3108.71	105.082
3107.75	84.0532
3106.8	81.4149
3105.85	78.7774
3104.9	105.022
3103.95	86.6304
3102.99	115.491
3102.04	81.3568
3101.09	102.337
3100.13	97.0755
3099.18	102.308
3098.23	99.6707
3097.27	107.524
3096.32	104.887
3095.37	99.628
3094.41	102.235
3093.46	110.084
3092.51	107.447
3091.55	99.5711
3090.6	89.0772
3089.64	107.401
3088.69	107.386
3087.73	91.6578
3086.78	112.592
3085.83	83.7774
3084.87	99.4715
3083.91	94.2227
3082.96	94.2092
3082	120.361
3081.05	99.4146
3080.09	102.016
3079.14	107.232
3078.18	104.602
3077.22	122.89
3076.27	109.801
3075.31	88.8737
3074.36	94.0881
3073.4	99.301
3072.44	94.0612
3071.48	96.6602
3070.53	112.319
3069.57	107.079
3068.61	96.6187
3067.66	101.827
3066.7	107.033
3065.74	99.1874
3064.78	109.613
3063.82	106.987
3062.87	88.7086
3061.91	120
3060.95	96.5082
3059.99	83.4546
3059.03	109.519
3058.07	112.11
3057.11	114.701
3056.15	112.078
3055.2	114.668
3054.24	99.0173
3053.28	88.5818
3052.32	109.409
3051.36	111.998
3050.4	93.7522
3049.44	80.7195
3048.48	106.743
3047.52	106.727
3046.56	85.8903
3045.6	88.4804
3044.63	85.8657
3043.67	117.073
3042.71	88.4424
3041.75	91.0306
3040.79	72.8141
3039.83	106.605
3038.87	122.189
3037.9	109.174
3036.94	109.159
3035.98	98.7484
3035.02	101.333
3034.06	96.1222
3033.09	111.694
3032.13	96.0947
3031.17	114.258
3030.21	109.049
3029.24	106.438
3028.28	96.0397
3027.32	83.0494
3026.35	98.6071
3025.39	101.188
3024.43	124.521
3023.46	106.346
3022.5	101.144
3021.53	108.909
3020.57	101.115
3019.61	108.878
3018.64	106.27
3017.68	106.255
3016.71	88.1011
3015.75	103.633
3014.78	106.209
3013.82	111.374
3012.85	98.4095
3011.89	106.163
3010.92	106.148
3009.95	100.956
3008.99	121.647
3008.02	100.927
3007.06	90.5624
3006.09	77.6138
3005.12	90.5365
3004.16	100.869
3003.19	85.3385
3002.22	85.3263
3001.26	85.314
3000.29	74.9622
2999.32	95.6277
2998.35	105.951
2997.39	90.4327
2996.42	103.337
2995.45	69.7424
2994.48	131.717
2993.51	126.533
2992.55	103.278
2991.58	100.681
2990.61	113.573
2989.64	69.6824
2988.67	82.5747
2987.7	98.0434
2986.73	108.348
2985.76	79.9598
2984.8	110.896
2983.83	95.4085
2982.86	110.864
2981.89	105.693
2980.92	105.677
2979.95	113.394
2978.98	110.801
2978.01	79.8681
2977.04	82.4327
2976.06	95.2991
2975.09	108.162
2974.12	84.9721
2973.15	105.556
2972.18	79.7994
2971.21	77.2141
2970.24	95.2171
2969.27	118.361
2968.29	90.0444
2967.32	102.893
2966.35	118.31
2965.38	95.1488
2964.41	105.42
2963.43	92.5506
2962.46	110.531
2961.49	89.9539
2960.52	92.5108
2959.54	79.6506
2958.57	89.9152
2957.6	100.177
2956.62	89.8894
2955.65	100.148
2954.68	97.5662
2953.7	89.8507
2952.73	94.9714
2951.75	84.692
2950.78	89.812
2949.8	89.7991
2948.83	89.7862
2947.86	89.7733
2946.88	94.8896
2945.91	82.0549
2944.93	97.4262
2943.96	105.103
2942.98	123.029
2942	94.8215
2941.03	105.057
2940.05	112.728
2939.08	87.0957
2938.1	107.573
2937.12	110.119
2936.15	92.1792
2935.17	97.2863
2934.2	99.8321
2933.22	89.5801
2932.24	87.0081
2931.26	102.348
2930.29	104.891
2929.31	86.9706
2928.33	99.7461
2927.35	89.5029
2926.38	92.0469
2925.4	102.26
2924.42	104.801
2923.44	102.23
2922.46	97.1047
2921.49	97.0908
2920.51	102.186
2919.53	99.6171
2918.55	102.157
2917.57	89.3743
2916.59	109.787
2915.61	86.7958
2914.63	84.2309
2913.65	89.3229
2912.67	104.62
2911.69	99.5026
2910.71	99.4883
2909.73	99.474
2908.75	104.56
2907.77	94.3456
2906.79	109.629
2905.81	96.8676
2904.83	91.7561
2903.85	96.8398
2902.87	91.7298
2901.89	73.8828
2900.91	89.1561
2899.92	119.707
2898.94	84.0372
2897.96	109.487
2896.98	86.5589
2896	94.1829
2895.01	86.534
2894.03	101.79
2893.05	104.32
2892.07	111.937
2891.08	111.921
2890.1	104.275
2889.12	99.1739
2888.13	83.9043
2887.15	91.5188
2886.17	99.1311
2885.18	106.741
2884.2	99.1026
2883.22	99.0883
2882.23	101.614
2881.25	101.6
2880.26	96.5059
2879.28	99.0313
2878.29	116.789
2877.31	96.4642
2876.32	109.141
2875.34	109.125
2874.35	81.198
2873.37	104.02
2872.38	81.1746
2871.4	88.7719
2870.41	88.7591
2869.43	96.3532
2868.44	91.2688
2867.45	98.8603
2866.47	91.2425
2865.48	111.503
2864.49	96.2838
2863.51	98.8034
2862.52	83.5908
2861.53	75.9807
2860.55	88.6314
2859.56	93.6825
2858.57	103.795
2857.58	103.78
2856.6	113.889
2855.61	108.812
2854.62	103.736
2853.63	108.78
2852.64	113.823
2851.65	96.1036
2850.67	80.9177
2849.68	103.661
2848.69	85.9503
2847.7	75.8276
2846.71	93.5072
2845.72	98.5474
2844.73	116.219
2843.74	90.9406
2842.75	98.5048
2841.76	85.8636
2840.77	88.3763
2839.78	80.7895
2838.79	78.2536
2837.8	90.862
2836.81	105.99
2835.82	88.3126
2834.83	98.3913
2833.84	100.9
2832.85	75.6638
2831.85	103.392
2830.86	78.1634
2829.87	103.362
2828.88	118.472
2827.89	93.2514
2826.89	98.2778
2825.9	90.7049
2824.91	98.2495
2823.92	98.2353
2822.93	90.6657
2821.93	108.279
2820.94	85.604
2819.95	115.8
2818.95	88.0963
2817.96	103.184
2816.97	88.0709
2815.97	93.0901
2814.98	100.623
2813.98	125.761
2812.99	95.5647
2812	105.609
2811	105.594
2810.01	103.065
2809.01	108.077
2808.02	118.113
2807.02	97.9946
2806.03	92.9559
2805.03	87.9185
2804.04	100.464
2803.04	70.3145
2802.05	87.8805
2801.05	97.9098
2800.05	110.446
2799.06	110.43
2798.06	100.377
2797.07	105.38
2796.07	97.8392
2795.07	90.3
2794.08	110.351
2793.08	72.7207
2792.08	92.7682
2791.08	97.7685
2790.09	100.261
2789.09	110.271
2788.09	117.773
2787.09	105.228
2786.1	97.698
2785.1	105.198
2784.1	115.2
2783.1	82.6317
2782.1	92.6343
2781.1	100.131
2780.1	117.637
2779.11	95.0967
2778.11	90.0786
2777.11	80.0583
2776.11	110.064
2775.11	87.5384
2774.11	70.0206
2773.11	85.0128
2772.11	92.5005
2771.11	82.4885
2770.11	94.9731
2769.11	102.456
2768.11	87.4499
2767.11	89.9355
2766.11	112.403
2765.11	67.4321
2764.1	112.371
2763.1	79.8964
2762.1	124.82
2761.1	82.3694
2760.1	107.314
2759.1	107.299
2758.09	92.3135
2757.09	109.762
2756.09	117.229
2755.09	124.694
2754.08	84.7796
2753.08	104.713
2752.08	82.2623
2751.08	74.7731
2750.07	107.159
2749.07	102.16
2748.07	104.637
2747.06	99.6398
2746.06	109.588
2745.05	74.7082
2744.05	69.7176
2743.05	99.5821
2742.04	94.5893
2741.04	74.665
2740.03	94.562
2739.03	89.5721
2738.02	84.5836
2737.02	94.5209
2736.01	106.942
2735.01	99.4669
2734	77.0757
2733	111.868
2731.99	72.0822
2730.98	86.9832
2729.98	121.759
2728.97	94.4116
2727.97	91.9137
2726.96	86.9328
2725.95	84.4368
2724.95	99.3231
2723.94	101.791
2722.93	111.706
2721.92	111.69
2720.92	94.3023
2719.91	94.2886
2718.9	91.7941
2717.89	86.8196
2716.89	94.2477
2715.88	99.1937
2714.87	89.2614
2713.86	111.561
2712.85	106.587
2711.84	81.7874
2710.84	81.7756
2709.83	76.8084
2708.82	86.7066
2707.81	108.987
2706.8	94.1113
2705.79	99.0502
2704.78	89.1322
2703.77	106.448
2702.76	113.858
2701.75	94.0431
2700.74	101.453
2699.73	98.9641
2698.72	89.0548
2697.71	98.9354
2696.7	81.6099
2695.68	93.9614
2694.67	86.5309
2693.66	103.822
2692.65	91.449
2691.64	111.206
2690.63	81.539
2689.62	96.3503
2688.6	93.8661
2687.59	111.141
2686.58	113.595
2685.57	93.8253
2684.55	101.218
2683.54	93.7981
2682.53	98.7206
2681.51	106.109
2680.5	88.8227
2679.49	86.3429
2678.47	81.3972
2677.46	91.2503
2676.45	113.43
2675.43	86.2929
2674.42	78.8849
2673.4	88.7326
2672.39	88.7198
2671.38	93.6351
2670.36	101.013
2669.35	93.6079
2668.33	96.0573
2667.32	91.1181
2666.3	98.4918
2665.28	91.0917
2664.27	86.1553
2663.25	95.9877
2662.24	81.2086
2661.22	93.4993
2660.21	93.4858
2659.19	86.0928
2658.17	71.3237
2657.16	88.5269
2656.14	86.0553
2655.12	86.0429
2654.11	88.4884
2653.09	98.3062
2652.07	105.664
2651.05	117.933
2650.04	90.8936
2649.02	93.3366
2648	112.97
2646.98	105.587
2645.96	95.7512
2644.94	95.7373
2643.93	98.1778
2642.91	95.7095
2641.89	107.964
2640.87	93.2283
2639.85	117.745
2638.83	83.3906
2637.81	105.449
2636.79	112.79
2635.77	95.6122
2634.75	98.0496
2633.73	80.8792
2632.71	95.5706
2631.69	102.907
2630.67	90.6432
2629.65	107.776
2628.63	75.9222
2627.61	85.7062
2626.59	93.0389
2625.57	90.5774
2624.55	102.803
2623.52	90.5511
2622.5	107.667
2621.48	107.651
2620.46	90.5116
2619.44	97.8362
2618.41	97.8219
2617.39	78.2462
2616.37	112.463
2615.35	83.1124
2614.32	87.9886
2613.3	90.4196
2612.28	105.067
2611.25	105.052
2610.23	95.2656
2609.21	112.348
2608.18	95.2379
2607.16	102.549
2606.14	92.7689
2605.11	100.078
2604.09	107.385
2603.06	80.5273
2602.04	92.715
2601.01	92.7015
2599.99	102.445
2598.96	80.4805
2597.94	92.661
2596.91	95.0857
2595.89	85.3209
2594.86	102.37
2593.83	102.355
2592.81	97.467
2591.78	107.198
2590.76	92.5668
2589.73	99.8601
2588.7	87.6693
2587.68	116.875
2586.65	99.8166
2585.62	107.105
2584.6	109.523
2583.57	102.206
2582.54	104.625
2581.51	116.773
2580.49	94.8646
2579.46	87.5546
2578.43	121.586
2577.4	109.411
2576.37	82.6543
2575.34	109.38
2574.32	85.0606
2573.29	104.488
2572.26	94.7542
2571.23	94.7404
2570.2	114.158
2569.17	116.57
2568.14	106.84
2567.11	80.1183
2566.08	87.3891
2565.05	118.929
2564.02	89.7904
2562.99	87.3509
2561.96	87.3382
2560.93	114.008
2559.9	84.8874
2558.87	99.425
2557.84	109.109
2556.81	80.0017
2555.77	101.806
2554.74	111.485
2553.71	113.892
2552.68	104.184
2551.65	99.3237
2550.61	101.731
2549.58	99.2948
2548.55	94.4374
2547.52	118.635
2546.48	70.2022
2545.45	77.4532
2544.42	104.063
2543.39	91.9489
2542.35	101.613
2541.32	104.017
2540.29	111.258
2539.25	82.2221
2538.22	96.7178
2537.18	84.6158
2536.15	84.6034
2535.11	84.5911
2534.08	101.495
2533.05	84.5664
2532.01	84.5541
2530.98	89.3727
2529.94	79.6992
2528.91	91.7615
2527.87	101.406
2526.83	86.9066
2525.8	82.0665
2524.76	94.1213
2523.73	108.586
2522.69	108.57
2521.65	110.966
2520.62	89.2425
2519.58	98.8759
2518.54	94.039
2517.51	103.669
2516.47	79.5483
2515.43	84.3571
2514.4	103.624
2513.36	101.199
2512.32	108.412
2511.28	96.3518
2510.24	98.7462
2509.21	72.2428
2508.17	77.0477
2507.13	110.74
2506.09	101.096
2505.05	79.4207
2504.01	96.2535
2502.97	89.0215
2501.93	125.093
2500.9	86.5902
2499.86	88.9825
2498.82	84.1604
2497.78	108.19
2496.74	98.5591
2495.7	100.948
2494.66	103.337
2493.62	84.0989
2492.57	108.111
2491.53	91.2808
2490.49	105.678
2489.45	93.6555
2488.41	100.845
2487.37	86.426
2486.33	86.4134
2485.29	100.801
2484.24	110.385
2483.2	81.5769
2482.16	107.954
2481.12	93.5462
2480.08	93.5325
2479.03	131.886
2477.99	86.3125
2476.95	98.286
2475.9	98.2716
2474.86	83.8782
2473.82	79.0736
2472.77	98.2286
2471.73	107.796
2470.69	86.2243
2469.64	107.765
2468.6	98.1712
2467.55	86.1865
2466.51	93.3551
2465.47	98.1282
2464.42	112.472
2463.38	110.063
2462.33	100.477
2461.29	102.855
2460.24	81.3151
2459.2	121.955
2458.15	88.4641
2457.1	90.8418
2456.06	93.2187
2455.01	83.6456
2453.97	88.4124
2452.92	95.567
2451.87	74.0536
2450.83	107.481
2449.78	95.5251
2448.73	85.96
2447.69	102.659
2446.64	83.5478
2445.59	85.9223
2444.54	88.2962
2443.49	83.5112
2442.45	73.9562
2441.4	93.0281
2440.35	83.4745
2439.3	102.539
2438.25	92.9873
2437.21	88.2058
2436.16	95.3437
2435.11	107.246
2434.06	92.9329
2433.01	85.7717
2431.96	92.9057
2430.91	95.274
2429.86	100.023
2428.81	111.914
2427.76	116.659
2426.71	114.262
2425.66	97.5844
2424.61	83.2915
2423.56	83.2794
2422.51	99.9206
2421.46	111.8
2420.41	102.27
2419.35	99.8767
2418.3	95.1068
2417.25	102.225
2416.2	97.4559
2415.15	99.8183
2414.1	92.6748
2413.04	90.2853
2411.99	92.6477
2410.94	92.6341
2409.89	90.2457
2408.83	109.229
2407.78	97.3418
2406.73	73.5891
2405.67	64.0844
2404.62	90.1796
2403.57	99.6576
2402.51	111.505
2401.46	92.5121
2400.4	109.101
2399.35	87.7422
2398.3	104.327
2397.24	94.8286
2396.19	94.8147
2395.13	75.8407
2394.08	109.005
2393.02	104.25
2391.97	92.3902
2390.91	120.8
2389.86	99.468
2388.8	82.8778
2387.74	106.542
2386.69	89.9553
2385.63	82.8414
2384.57	104.128
2383.52	89.9157
2382.46	70.9757
2381.4	92.2549
2380.35	80.4156
2379.29	106.417
2378.23	108.766
2377.18	92.2008
2376.12	92.1873
2375.06	89.8103
2374	80.3448
2372.94	85.0585
2371.89	94.4956
2370.83	99.2059
2369.77	82.6594
2368.71	96.8154
2367.65	94.4402
2366.59	101.508
2365.53	84.9713
2364.47	115.638
2363.41	110.902
2362.35	92.0117
2361.29	80.2036
2360.23	101.419
2359.17	94.3295
2358.11	87.2419
2357.05	103.732
2355.99	101.36
2354.93	98.9878
2353.87	84.8342
2352.81	96.6026
2351.75	96.5884
2350.69	105.996
2349.63	117.756
2348.57	91.8364
2347.5	98.8862
2346.44	89.4553
2345.38	98.8572
2344.32	82.3689
2343.25	96.4751
2342.19	101.166
2341.13	115.266
2340.07	87.0245
2339	101.122
2337.94	84.6477
2336.88	96.3901
2335.81	101.077
2334.75	105.763
2333.69	108.097
2332.62	77.5368
2331.56	115.113
2330.49	93.9563
2329.43	108.034
2328.36	100.973
2327.3	105.654
2326.23	96.2487
2325.17	98.5817
2324.1	103.261
2323.04	103.246
2321.97	119.654
2320.91	89.1406
2319.84	117.273
2318.77	110.22
2317.71	98.4804
2316.64	107.844
2315.58	110.172
2314.51	100.781
2313.44	100.766
2312.38	86.6928
2311.31	81.9947
2310.24	74.9555
2309.17	79.6286
2308.11	88.9835
2307.04	98.3358
2305.97	70.2295
2304.9	100.648
2303.83	72.5492
2302.77	100.618
2301.7	72.5278
2300.63	93.5705
2299.56	88.879
2298.49	98.2202
2297.42	93.5293
2296.35	100.529
2295.28	107.527
2294.21	102.837
2293.14	107.495
2292.07	102.807
2291	98.1191
2289.93	93.433
2288.86	91.0838
2287.79	84.065
2286.72	100.396
2285.65	100.381
2284.58	100.367
2283.51	109.687
2282.44	93.3369
2281.36	95.6562
2280.29	88.6439
2279.22	95.6281
2278.15	93.282
2277.08	102.595
2276	100.249
2274.93	100.234
2273.86	100.219
2272.79	86.2223
2271.71	95.5296
2270.64	90.8563
2269.57	95.5015
2268.49	104.803
2267.42	107.116
2266.35	90.8028
2265.27	79.1497
2264.2	97.7588
2263.12	95.4172
2262.05	100.057
2260.98	83.7563
2259.9	79.0915
2258.83	120.946
2257.75	106.975
2256.68	99.9833
2255.6	86.0195
2254.52	79.0333
2253.45	92.9666
2252.37	99.9244
2251.3	104.557
2250.22	95.2487
2249.14	97.5575
2248.07	95.2206
2246.99	113.784
2245.91	106.801
2244.84	92.8571
2243.76	102.128
2242.68	99.792
2241.61	83.5345
2240.53	74.2419
2239.45	74.231
2238.37	88.1363
2237.29	90.4424
2236.22	74.1982
2235.14	97.3708
2234.06	104.31
2232.98	101.977
2231.9	95.0104
2230.82	94.9964
2229.74	104.249
2228.66	97.2847
2227.59	88.0065
2226.51	81.0467
2225.43	99.5569
2224.35	101.857
2223.27	106.471
2222.19	97.1987
2221.11	101.812
2220.02	104.111
2218.94	87.9027
2217.86	87.8898
2216.78	94.8145
2215.7	85.5517
2214.62	92.4746
2213.54	90.1495
2212.46	108.626
2211.37	108.61
2210.29	120.146
2209.21	71.615
2208.13	108.562
2207.05	117.783
2205.96	80.8199
2204.88	96.9695
2203.8	99.2637
2202.71	103.865
2201.63	115.389
2200.55	106.142
2199.46	92.2838
2198.38	89.9634
2197.3	87.6437
2196.21	103.773
2195.13	87.6179
2194.04	89.9103
2192.96	92.2021
2191.87	99.1026
2190.79	106.001
2189.7	119.81
2188.62	115.185
2187.53	92.1341
2186.45	80.6054
2185.36	99.0149
2184.28	85.1863
2183.19	82.8717
2182.1	101.273
2181.02	94.3538
2179.93	98.9418
2178.84	94.3259
2177.76	103.513
2176.67	101.198
2175.58	82.7861
2174.5	112.664
2173.41	124.142
2172.32	91.9438
2171.23	91.9302
2170.15	89.6187
2169.06	101.093
2167.97	98.7812
2166.88	101.063
2165.79	98.752
2164.7	101.034
2163.61	96.4269
2162.53	91.8216
2161.44	110.17
2160.35	84.9099
2159.26	100.959
2158.17	78.0022
2157.08	96.3414
2155.99	107.795
2154.9	103.192
2153.81	84.8346
2152.72	110.039
2151.63	107.731
2150.53	116.882
2149.44	105.408
2148.35	109.974
2147.26	116.83
2146.17	100.78
2145.08	114.506
2143.99	93.8809
2142.89	96.1564
2141.8	96.1422
2140.71	100.705
2139.62	109.844
2138.52	98.3876
2137.43	96.0853
2136.34	96.0711
2135.25	107.492
2134.15	107.476
2133.06	98.3149
2131.97	93.7282
2130.87	109.714
2129.78	89.1297
2128.68	93.6866
2127.59	102.812
2126.5	86.8058
2125.4	95.9291
2124.31	100.482
2123.21	93.6173
2122.12	95.8865
2121.02	102.72
2119.93	98.1404
2118.83	102.69
2117.73	102.675
2116.64	109.503
2115.54	104.925
2114.45	86.6646
2113.35	100.334
2112.25	100.319
2111.16	88.9057
2110.06	100.289
2108.96	95.7163
2107.87	104.817
2106.77	88.8531
2105.67	97.9517
2104.57	102.492
2103.48	91.0909
2102.38	84.2466
2101.28	102.447
2100.18	111.537
2099.08	97.8647
2097.98	95.5746
2096.89	97.8357
2095.79	90.9965
2094.69	93.2575
2093.59	86.421
2092.49	102.326
2091.39	95.4897
2090.29	118.208
2089.19	86.3698
2088.09	97.7198
2086.99	104.522
2085.89	97.6908
2084.79	106.762
2083.69	113.56
2082.59	88.5639
2081.49	84.0097
2080.38	106.699
2079.28	93.0642
2078.18	93.0504
2077.08	95.3058
2075.98	88.4851
2074.88	117.963
2073.77	102.068
2072.67	99.785
2071.57	92.9677
2070.47	97.4882
2069.36	115.608
2068.26	81.5939
2067.16	113.308
2066.05	101.962
2064.95	113.274
2063.85	106.462
2062.74	97.3871
2061.64	88.3147
2060.53	92.8299
2059.43	97.3437
2058.33	122.227
2057.22	90.5254
2056.12	101.826
2055.01	79.1863
2053.91	90.4851
2052.8	85.9481
2051.69	90.4583
2050.59	104.012
2049.48	97.2138
2048.38	88.1576
2047.27	119.786
2046.16	108.469
2045.06	88.1183
2043.95	99.4008
2042.85	81.3158
2041.74	85.8207
2040.63	92.5822
2039.52	108.373
2038.42	88.0399
2037.31	106.084
2036.2	92.5272
2035.09	92.5135
2033.98	81.2193
2032.88	94.7418
2031.77	87.9615
2030.66	87.9484
2029.55	87.9353
2028.44	99.1943
2027.33	99.1796
2026.22	99.1649
2025.11	96.8967
2024	92.3762
2022.89	92.3625
2021.78	103.611
2020.67	121.612
2019.56	108.083
2018.45	105.816
2017.34	103.549
2016.23	96.7816
2015.12	99.0176
2014.01	103.503
2012.9	87.7396
2011.79	103.472
2010.68	123.698
2009.56	85.4517
2008.45	101.178
2007.34	112.403
2006.23	103.395
2005.12	101.133
2004	94.3764
2002.89	98.8559
2001.78	103.334
2000.66	96.5804
1999.55	96.5661
1998.44	112.269
1997.32	107.763
1996.21	96.523
1995.1	105.486
1993.98	89.7621
1992.87	94.2362
1991.75	103.196
1990.64	94.2082
1989.53	114.379
1988.41	114.362
1987.3	107.618
1986.18	105.361
1985.06	98.6209
1983.95	105.329
1982.83	96.3508
1981.72	100.817
1980.6	116.483
1979.49	100.787
1978.37	96.2935
1977.25	125.387
1976.14	105.22
1975.02	107.442
1973.9	98.4742
1972.78	93.9841
1971.67	107.394
1970.55	96.1932
1969.43	96.1789
1968.31	96.1646
1967.2	102.858
1966.08	109.55
1964.96	114.005
1963.84	98.3424
1962.72	109.501
1961.6	82.6724
1960.48	105.001
1959.36	116.154
1958.25	96.0358
1957.13	104.954
1956.01	78.1454
1954.89	109.387
1953.77	93.7465
1952.65	100.428
1951.53	82.5616
1950.41	102.629
1949.28	95.9214
1948.16	82.5247
1947.04	109.273
1945.92	147.162
1944.8	89.176
1943.68	100.308
1942.56	118.123
1941.43	91.3646
1940.31	109.176
1939.19	106.932
1938.07	93.5511
1936.95	113.581
1935.82	109.11
1934.7	106.868
1933.58	106.852
1932.45	93.4814
1931.33	95.6929
1930.21	97.9037
1929.08	100.114
1927.96	97.8745
1926.84	102.308
1925.71	108.964
1924.59	106.724
1923.46	93.37
1922.34	88.9105
1921.21	95.5646
1920.09	95.5503
1918.96	93.3143
1917.84	93.3004
1916.71	82.1809
1915.59	102.156
1914.46	88.8177
1913.33	111.006
1912.21	126.528
1911.08	106.534
1909.95	102.079
1908.83	99.8454
1907.7	102.049
1906.57	93.1613
1905.45	86.494
1904.32	97.5684
1903.19	110.857
1902.06	90.8889
1900.94	93.0918
1899.81	81.9972
1898.68	88.6324
1897.55	95.2656
1896.42	101.897
1895.29	104.096
1894.16	97.4374
1893.04	101.851
1891.91	92.9807
1890.78	106.248
1889.65	90.7397
1888.52	101.79
1887.39	101.775
1886.26	101.76
1885.13	97.3211
1884	99.518
1882.87	77.3914
1881.74	95.0666
1880.6	101.684
1879.47	106.089
1878.34	108.283
1877.21	119.315
1876.08	101.623
1874.95	92.7726
1873.81	97.1758
1872.68	108.202
1871.55	101.563
1870.42	92.7171
1869.29	90.4961
1868.15	94.8963
1867.02	97.0887
1865.89	119.136
1864.75	112.501
1863.62	103.662
1862.49	119.083
1861.35	81.5818
1860.22	99.2062
1859.08	114.621
1857.95	94.7687
1856.82	94.7546
1855.68	116.773
1854.55	107.944
1853.41	92.5095
1852.28	99.1025
1851.14	92.4818
1850	103.476
1848.87	92.4541
1847.73	99.0432
1846.6	105.63
1845.46	90.2124
1844.32	94.5988
1843.19	87.9857
1842.05	79.1753
1840.91	94.5564
1839.78	109.933
1838.64	83.5364
1837.5	90.1179
1836.36	112.081
1835.23	98.8803
1834.09	101.063
1832.95	94.4574
1831.81	103.229
1830.67	96.6251
1829.54	94.415
1828.4	100.987
1827.26	98.7768
1826.12	109.736
1824.98	109.719
1823.84	94.3443
1822.7	89.9428
1821.56	103.09
1820.42	100.881
1819.28	118.408
1818.14	100.851
1817	85.4913
1815.86	103.013
1814.72	105.189
1813.58	113.937
1812.44	102.966
1811.3	105.141
1810.15	118.266
1809.01	85.4017
1807.87	89.7678
1806.73	105.078
1805.59	107.251
1804.44	96.2929
1803.3	76.5852
1802.16	115.954
1801.02	83.1247
1799.87	113.733
1798.73	96.2208
1797.59	109.325
1796.44	118.054
1795.3	93.9917
1794.15	111.462
1793.01	89.5931
1791.87	102.689
1790.72	100.489
1789.58	115.763
1788.43	111.378
1787.29	106.994
1786.14	98.2455
1785	117.877
1783.85	109.129
1782.71	106.93
1781.56	115.642
1780.41	85.0823
1779.27	98.1572
1778.12	85.0568
1776.98	117.753
1775.83	89.3918
1774.68	115.538
1773.54	115.521
1772.39	100.248
1771.24	102.412
1770.09	102.397
1768.95	84.9548
1767.8	102.366
1766.65	113.239
1765.5	87.0939
1764.35	93.6119
1763.2	95.7745
1762.06	93.5838
1760.91	84.8656
1759.76	102.259
1758.61	106.594
1757.46	100.053
1756.31	102.213
1755.16	119.592
1754.01	93.4855
1752.86	95.6452
1751.71	104.325
1750.56	110.828
1749.41	117.33
1748.26	119.485
1747.11	106.434
1745.96	99.9027
1744.8	104.231
1743.65	95.5304
1742.5	104.199
1741.35	106.354
1740.2	86.8067
1739.05	110.662
1737.89	112.815
1736.74	114.967
1735.59	106.274
1734.44	114.933
1733.28	114.915
1732.13	106.226
1730.98	86.7025
1729.82	93.1911
1728.67	117.013
1727.51	106.163
1726.36	84.4841
1725.21	103.965
1724.05	106.115
1722.9	86.6113
1721.74	123.403
1720.59	106.067
1719.43	110.38
1718.28	93.0512
1717.12	73.5643
1715.97	97.3499
1714.81	114.639
1713.65	108.134
1712.5	123.254
1711.34	97.2914
1710.19	95.115
1709.03	103.746
1707.87	95.0864
1706.72	112.358
1705.56	105.86
1704.4	105.844
1703.24	86.3902
1702.09	105.812
1700.93	116.592
1699.77	103.621
1698.61	125.19
1697.45	84.1671
1696.29	112.206
1695.14	112.189
1693.98	97.0721
1692.82	105.685
1691.66	101.356
1690.5	120.746
1689.34	101.325
1688.18	103.466
1687.02	92.6741
1685.86	105.589
1684.7	118.501
1683.54	99.095
1682.38	103.388
1681.22	120.601
1680.06	96.897
1678.89	83.9647
1677.73	94.7152
1676.57	92.5486
1675.41	107.598
1674.25	103.279
1673.09	105.415
1671.92	120.456
1670.76	116.136
1669.6	109.668
1668.44	111.801
1667.27	94.5869
1666.11	103.17
1664.95	107.453
1663.78	111.734
1662.62	124.608
1661.46	103.108
1660.29	100.945
1659.13	118.109
1657.96	120.238
1656.8	113.78
1655.63	118.056
1654.47	103.015
1653.3	94.416
1652.14	135.166
1650.97	113.694
1649.81	94.3734
1648.64	126.527
1647.48	107.21
1646.31	102.906
1645.14	92.1729
1643.98	94.3023
1642.81	102.86
1641.64	102.844
1640.48	102.829
1639.31	111.381
1638.14	117.789
1636.97	113.489
1635.81	109.19
1634.64	83.4853
1633.47	100.595
1632.3	96.3002
1631.13	109.124
1629.97	102.689
1628.8	126.203
1627.63	119.768
1626.46	115.473
1625.29	117.594
1624.12	113.301
1622.95	106.871
1621.78	91.8953
1620.61	117.523
1619.44	123.914
1618.27	113.215
1617.1	134.556
1615.93	96.097
1614.76	93.9473
1613.59	121.686
1612.42	91.7845
1611.24	104.576
1610.07	106.694
1608.9	91.7429
1607.73	106.662
1606.56	123.709
1605.38	104.497
1604.21	117.275
1603.04	95.9376
1601.87	121.503
1600.69	117.222
1599.52	98.0251
1598.35	108.664
1597.17	93.7348
1596	125.671
1594.83	119.263
1593.65	102.21
1592.48	125.614
1591.3	119.209
1590.13	102.164
1588.95	108.532
1587.78	125.538
1586.6	114.882
1585.43	104.229
1584.25	102.086
1583.08	106.324
1581.9	89.2986
1580.73	106.292
1579.55	114.778
1578.37	108.385
1577.2	125.367
1576.02	110.477
1574.84	116.833
1573.67	114.691
1572.49	110.427
1571.31	104.04
1570.13	95.5326
1568.96	118.867
1567.78	116.727
1566.6	108.221
1565.42	110.326
1564.24	112.431
1563.06	125.14
1561.89	84.828
1560.71	106.019
1559.53	114.483
1558.35	105.987
1557.17	103.851
1555.99	133.503
1554.81	114.414
1553.63	101.686
1552.45	120.734
1551.27	116.48
1550.09	114.345
1548.91	110.093
1547.73	110.076
1546.54	114.293
1545.36	112.159
1544.18	107.911
1543	99.4319
1541.82	84.6101
1540.64	82.4824
1539.45	116.304
1538.27	124.743
1537.09	95.1288
1535.91	107.796
1534.72	112.007
1533.54	111.99
1532.36	133.1
1531.17	114.068
1529.99	95.0424
1528.81	107.698
1527.62	114.016
1526.44	137.221
1525.25	122.425
1524.07	101.302
1522.88	101.286
1521.7	116.04
1520.51	116.022
1519.33	120.223
1518.14	111.769
1516.96	99.1013
1515.77	132.818
1514.58	107.503
1513.4	88.5183
1512.21	113.792
1511.03	109.561
1509.84	96.9046
1508.65	132.697
1507.46	90.5573
1506.28	98.9662
1505.09	132.637
1503.9	119.986
1502.71	115.759
1501.53	109.428
1500.34	115.724
1499.15	115.706
1497.96	107.275
1496.77	140.908
1495.58	117.756
1494.39	115.636
1493.21	117.721
1492.02	107.194
1490.83	115.583
1489.64	111.364
1488.45	140.759
1487.26	109.229
1486.07	136.516
1484.88	121.796
1483.69	107.08
1482.49	125.957
1481.3	113.344
1480.11	132.215
1478.92	117.507
1477.73	136.371
1476.54	111.178
1475.35	127.94
1474.15	142.6
1472.96	119.514
1471.77	134.171
1470.58	111.094
1469.38	113.172
1468.19	127.824
1467	131.995
1465.8	117.311
1464.61	129.86
1463.42	138.217
1462.22	123.539
1461.03	110.959
1459.83	119.315
1458.64	129.761
1457.44	117.186
1456.25	125.537
1455.05	117.15
1453.86	125.499
1452.66	146.394
1451.47	156.826
1450.27	137.986
1449.08	129.604
1447.88	140.034
1446.68	140.013
1445.49	146.26
1444.29	123.258
1443.09	142.038
1441.9	129.486
1440.7	148.26
1439.5	148.237
1438.3	137.777
1437.11	162.802
1435.91	152.343
1434.71	141.887
1433.51	141.866
1432.31	137.672
1431.12	177.278
1429.92	152.228
1428.72	152.204
1427.52	143.843
1426.32	150.074
1425.12	175.059
1423.92	131.275
1422.72	154.172
1421.52	156.232
1420.32	154.125
1419.12	162.432
1417.92	160.325
1416.72	156.137
1415.52	172.765
1414.31	149.846
1413.11	168.551
1411.91	162.283
1410.71	162.259
1409.51	176.794
1408.31	155.971
1407.1	176.74
1405.9	180.871
1404.7	149.663
1403.5	182.894
1402.29	178.71
1401.09	189.072
1399.89	162.037
1398.68	193.168
1397.48	172.371
1396.27	178.574
1395.07	161.938
1393.87	168.141
1392.66	176.417
1391.46	172.24
1390.25	219.936
1389.05	184.635
1387.84	194.978
1386.64	184.579
1385.43	184.551
1384.22	178.303
1383.02	203.151
1381.81	192.757
1380.61	184.438
1379.4	161.618
1378.19	194.741
1376.99	200.925
1375.78	169.828
1374.57	186.369
1373.36	200.833
1372.16	186.312
1370.95	171.795
1369.74	192.464
1368.53	182.088
1367.32	217.231
1366.11	200.65
1364.91	200.619
1363.7	200.589
1362.49	200.558
1361.28	171.585
1360.07	212.899
1358.86	192.2
1357.65	210.768
1356.44	198.339
1355.23	179.718
1354.02	190.017
1352.81	212.704
1351.6	187.895
1350.39	191.995
1349.18	204.35
1347.96	187.809
1346.75	196.034
1345.54	193.941
1344.33	187.723
1343.12	169.131
1341.9	183.541
1340.69	158.77
1339.48	183.485
1338.27	191.702
1337.05	171.063
1335.84	189.583
1334.63	168.95
1333.41	168.925
1332.2	170.959
1330.99	170.932
1329.77	170.906
1328.56	144.116
1327.34	170.854
1326.13	164.654
1324.91	117.298
1323.7	158.431
1322.48	162.521
1321.27	162.496
1320.05	154.245
1318.84	168.616
1317.62	154.198
1316.4	164.453
1315.19	160.317
1313.97	137.687
1312.75	170.542
1311.54	152.026
1310.32	168.435
1309.1	151.979
1307.89	131.422
1306.67	156.039
1305.45	137.54
1304.23	137.519
1303.01	155.968
1301.8	160.048
1300.58	137.456
1299.36	131.281
1298.14	127.159
1296.92	147.646
1295.7	137.372
1294.48	155.801
1293.26	157.827
1292.04	129.111
1290.82	159.828
1289.6	135.218
1288.38	151.585
1287.16	147.466
1285.94	137.204
1284.72	143.326
1283.5	155.587
1282.28	147.376
1281.05	139.167
1279.83	155.516
1278.61	159.584
1277.39	132.966
1276.17	149.308
1274.94	155.421
1273.72	134.95
1272.5	128.796
1271.28	136.953
1270.05	141.019
1268.83	161.432
1267.61	151.192
1266.38	169.554
1265.16	132.763
1263.93	138.869
1262.71	132.722
1261.48	118.411
1260.26	153.094
1259.03	148.989
1257.81	153.047
1256.58	134.661
1255.36	126.48
1254.13	120.342
1252.91	134.599
1251.68	150.891
1250.46	128.442
1249.23	136.576
1248	156.936
1246.78	148.761
1245.55	144.663
1244.32	138.529
1243.09	138.508
1241.87	132.377
1240.64	132.357
1239.41	134.373
1238.18	144.53
1236.95	138.402
1235.73	136.346
1234.5	146.499
1233.27	132.236
1232.04	126.113
1230.81	132.195
1229.58	136.242
1228.35	121.989
1227.12	132.134
1225.89	126.016
1224.66	113.804
1223.43	138.169
1222.2	146.274
1220.97	134.064
1219.74	127.951
1218.51	136.054
1217.28	131.972
1216.04	117.742
1214.81	140.051
1213.58	131.912
1212.35	119.717
1211.12	121.727
1209.88	158.221
1208.65	139.943
1207.42	113.56
1206.19	131.79
1204.95	113.525
1203.72	135.804
1202.49	115.517
1201.25	123.604
1200.02	143.845
1198.78	125.592
1197.55	119.497
1196.31	133.654
1195.08	137.683
1193.84	141.711
1192.61	131.568
1191.37	129.524
1190.14	129.504
1188.9	135.554
1187.67	115.304
1186.43	121.354
1185.2	125.38
1183.96	121.317
1182.72	101.082
1181.49	135.429
1180.25	135.409
1179.01	111.139
1177.77	113.143
1176.54	98.9845
1175.3	115.128
1174.06	139.344
1172.82	121.15
1171.58	141.32
1170.35	111.02
1169.11	106.966
1167.87	123.093
1166.63	135.18
1165.39	135.159
1164.15	141.189
1162.91	135.118
1161.67	135.097
1160.43	122.98
1159.19	129.008
1157.95	126.973
1156.71	126.953
1155.47	104.771
1154.23	118.856
1152.99	124.881
1151.74	132.917
1150.5	122.829
1149.26	124.823
1148.02	142.921
1146.78	126.798
1145.54	116.716
1144.29	104.626
1143.05	126.739
1141.81	112.64
1140.56	114.633
1139.32	120.648
1138.08	102.535
1136.83	114.581
1135.59	112.553
1134.35	128.612
1133.1	106.491
1131.86	130.582
1130.61	128.553
1129.37	138.575
1128.12	134.537
1126.88	126.486
1125.63	106.392
1124.39	100.355
1123.14	108.367
1121.89	104.337
1120.65	116.358
1119.4	114.334
1118.16	98.2721
1116.91	110.288
1115.66	110.271
1114.41	124.287
1113.17	124.268
1111.92	114.229
1110.67	98.1814
1109.42	124.21
1108.18	108.167
1106.93	108.15
1105.68	102.126
1104.43	108.117
1103.18	118.109
1101.93	130.1
1100.68	112.069
1099.43	100.046
1098.18	120.037
1096.93	124.019
1095.68	94.0001
1094.43	103.984
1093.18	91.9718
1091.93	109.949
1090.68	115.929
1089.43	123.905
1088.18	125.884
1086.93	111.879
1085.68	115.857
1084.43	117.837
1083.17	119.815
1081.92	109.814
1080.67	107.801
1079.42	101.796
1078.16	119.742
1076.91	151.649
1075.66	121.7
1074.41	103.728
1073.15	109.696
1071.9	95.7195
1070.64	127.606
1069.39	121.606
1068.14	115.608
1066.88	91.6747
1065.63	125.535
1064.37	101.608
1063.12	117.528
1061.86	113.527
1060.61	115.501
1059.35	141.367
1058.1	103.52
1056.84	95.5426
1055.58	133.341
1054.33	125.361
1053.07	119.373
1051.81	107.419
1050.56	113.369
1049.3	113.352
1048.04	105.381
1046.78	125.245
1045.53	123.238
1044.27	111.294
1043.01	103.329
1041.75	137.088
1040.49	117.202
1039.24	107.253
1037.98	117.166
1036.72	119.134
1035.46	121.101
1034.2	119.097
1032.94	130.986
1031.68	121.045
1030.42	113.09
1029.16	138.861
1027.9	117.022
1026.64	120.97
1025.38	132.848
1024.12	126.88
1022.85	120.914
1021.59	112.968
1020.33	144.655
1019.07	142.652
1017.81	128.763
1016.55	148.55
1015.28	136.645
1014.02	106.923
1012.76	158.38
1011.49	152.417
1010.23	170.205
1008.97	162.264
1007.7	178.067
1006.44	162.214
1005.18	142.409
1003.91	174.029
1002.65	172.025
1001.38	138.389
1000.12	136.391
998.854	146.252
997.589	146.23
996.323	136.328
995.058	150.135
993.792	152.087
992.526	163.913
991.26	136.244
989.994	171.759
988.727	151.993
987.461	144.075
986.194	130.24
984.927	159.815
983.659	130.199
982.392	140.041
981.124	132.131
979.856	122.252
978.588	136.033
977.32	118.272
976.051	116.282
974.783	128.088
973.514	151.711
972.245	143.808
970.976	153.634
969.706	139.825
968.437	116.174
967.167	127.969
965.897	120.075
964.626	123.993
963.356	123.974
962.085	141.662
960.815	116.067
959.544	112.115
958.272	127.83
957.001	114.046
955.729	115.995
954.458	121.874
953.186	121.855
951.913	127.731
950.641	123.782
949.368	110.011
948.096	121.78
946.823	137.472
945.549	133.523
944.276	117.796
943.002	113.852
941.729	111.872
940.455	117.742
939.18	127.534
937.906	133.399
936.632	131.417
935.357	109.824
934.082	129.416
932.807	105.869
931.531	115.654
930.256	123.476
928.98	111.699
927.704	111.681
926.428	117.541
925.152	127.316
923.875	115.546
922.598	148.816
921.321	117.468
920.044	117.45
918.767	117.432
917.489	127.198
916.212	113.482
914.934	131.071
913.655	125.183
912.377	127.119
911.099	115.367
909.82	105.574
908.541	121.196
907.262	128.995
905.983	117.25
904.703	107.462
903.423	117.213
902.143	136.728
900.863	103.506
899.583	140.591
898.302	138.616
897.022	122.979
895.741	134.67
894.46	105.378
893.178	128.775
891.897	105.345
890.615	144.339
889.333	134.565
888.051	136.494
886.769	132.574
885.486	113.06
884.204	144.227
882.921	132.512
881.638	132.492
880.354	144.16
879.071	112.973
877.787	122.693
876.503	142.145
875.219	147.964
873.935	126.529
872.65	132.348
871.366	120.651
870.081	140.089
868.796	114.778
867.51	130.32
866.225	126.411
864.939	118.613
863.653	138.036
862.367	138.015
861.081	151.598
859.794	132.142
858.508	126.293
857.221	145.7
855.934	145.677
854.647	122.35
853.359	143.69
852.071	165.024
850.783	153.351
849.495	151.387
848.207	151.363
846.919	141.638
845.63	145.496
844.341	145.473
843.052	151.269
841.763	149.306
840.473	129.896
839.183	127.937
837.893	151.175
836.603	180.219
835.313	137.565
834.023	162.728
832.732	151.081
831.441	149.121
830.15	139.416
828.859	141.33
827.567	160.665
826.275	147.092
824.983	156.745
823.691	162.525
822.399	154.762
821.107	156.672
819.814	158.581
818.521	145.021
817.228	150.799
815.934	166.239
814.641	154.617
813.347	146.863
812.053	171.958
810.759	158.409
809.465	142.932
808.17	177.671
806.876	150.611
805.581	154.449
804.286	164.076
802.99	150.541
801.695	156.306
800.399	164
799.103	146.612
797.807	179.379
796.511	175.494
795.214	136.903
793.917	160.016
792.62	158.063
791.323	150.33
790.026	156.087
788.728	173.403
787.43	163.744
786.133	150.236
784.834	152.138
783.536	173.295
782.237	167.493
780.939	167.466
779.64	148.194
778.341	152.02
777.041	151.996
775.742	159.667
774.442	169.259
773.142	165.387
771.842	142.287
770.541	148.033
769.241	167.232
767.94	174.893
766.639	186.395
765.338	159.468
764.036	172.89
762.735	169.022
761.433	178.597
760.131	149.768
758.829	174.702
757.526	140.124
756.224	159.294
754.921	182.296
753.618	170.756
752.314	159.219
751.011	189.883
749.707	199.442
748.404	185.989
747.099	162.954
745.795	174.43
744.491	176.319
743.186	189.705
741.881	166.684
740.576	174.321
739.271	174.293
737.965	166.606
736.66	191.471
735.354	210.586
734.048	195.24
732.742	177.985
731.435	195.179
730.128	206.628
728.821	181.727
727.514	195.087
726.207	200.794
724.9	196.939
723.592	164.408
722.284	193.054
720.976	194.935
719.667	181.529
718.359	238.816
717.05	204.395
715.741	198.633
714.432	177.596
713.123	219.574
711.813	183.268
710.503	194.691
709.193	181.302
707.883	185.09
706.573	227.033
705.262	200.292
703.951	188.818
702.64	200.23
701.329	204.012
700.018	224.95
698.706	219.196
697.394	213.445
696.082	201.979
694.77	207.662
693.458	186.677
692.145	182.838
690.832	207.565
689.519	218.956
688.206	209.404
686.893	218.888
685.579	194.114
684.265	237.847
682.951	192.15
681.637	173.098
680.322	207.305
679.007	186.355
677.693	184.425
676.377	184.396
675.062	195.771
673.747	212.844
672.431	199.51
671.115	180.481
669.799	201.347
668.482	205.114
667.166	203.183
665.849	199.354
664.532	195.526
663.215	193.598
661.898	206.851
660.58	176.46
659.262	189.712
657.944	176.405
656.626	208.618
655.308	180.142
653.989	189.594
652.67	191.459
651.351	176.267
650.032	195.19
648.713	180.001
647.393	185.656
646.073	174.262
644.753	164.766
643.433	177.995
642.112	202.579
640.792	185.511
639.471	181.696
638.15	174.098
636.828	181.639
635.507	179.719
634.185	179.691
632.863	145.621
631.541	170.18
630.219	179.606
628.896	198.481
627.573	185.22
626.251	175.742
624.927	156.821
623.604	170.02
622.28	175.66
620.957	147.304
619.633	162.387
618.308	169.913
616.984	160.448
615.659	166.085
614.335	183.043
613.009	175.467
611.684	179.212
610.359	165.981
609.033	160.297
607.707	158.387
606.381	154.591
605.055	180.957
603.728	182.813
602.402	182.784
601.075	162.031
599.748	173.308
598.42	182.698
597.093	190.202
595.765	195.821
594.437	165.669
593.109	186.348
591.781	152.442
590.452	167.472
589.123	158.039
587.794	161.776
586.465	165.512
585.136	180.531
583.806	148.538
582.476	171.074
581.146	148.492
579.816	174.779
578.485	165.356
577.155	170.967
575.824	169.061
574.493	161.522
573.161	167.13
571.83	182.125
570.498	206.501
569.166	174.56
567.834	182.039
566.502	191.392
565.169	170.725
563.837	198.835
562.504	208.182
561.17	180.021
559.837	200.616
558.503	211.833
557.17	209.925
555.836	228.632
554.501	262.324
553.167	297.878
551.832	307.197
550.497	316.513
549.162	374.512
547.827	361.347
546.492	391.242
545.156	385.566
543.82	392.99
542.484	370.475
541.147	413.445
539.811	347.913
538.474	304.843
537.137	297.316
535.8	280.442
534.463	263.574
533.125	231.759
531.787	224.248
530.449	233.555
529.111	199.891
527.773	218.539
526.434	216.637
525.095	205.399
523.756	210.967
522.417	171.734
521.077	175.44
519.738	156.751
518.398	164.19
517.058	179.088
515.717	158.542
514.377	167.842
513.036	160.357
511.695	162.196
510.354	147.258
509.012	156.554
507.671	154.666
506.329	169.546
504.987	150.891
503.645	175.081
502.302	171.329
500.96	158.268
499.617	158.243
498.274	148.911
496.93	145.165
495.587	174.915
494.243	161.864
492.899	163.699
491.555	146.934
490.211	163.647
488.866	154.325
487.521	159.877
486.176	156.135
484.831	139.384
483.486	144.936
482.14	157.919
480.794	148.606
479.448	148.582
478.102	165.272
476.755	144.822
475.409	152.225
474.062	144.776
472.715	137.33
471.367	161.43
470.02	140.997
468.672	153.96
467.324	148.372
465.976	148.348
464.628	146.471
463.279	155.716
461.93	150.131
460.581	161.227
459.232	125.996
457.882	146.355
456.533	138.923
455.183	138.901
453.833	144.434
452.482	144.411
451.132	129.579
449.781	157.321
448.43	146.193
447.079	135.069
445.728	138.747
444.376	135.026
443.024	138.703
441.672	146.078
440.32	140.508
438.968	131.244
437.615	131.223
436.262	131.202
434.909	131.181
433.556	142.245
432.202	142.222
430.848	123.732
429.494	151.41
428.14	136.616
426.786	127.365
425.431	153.183
424.077	138.397
422.721	134.685
421.366	125.44
420.011	145.709
418.655	116.18
417.299	154.882
415.943	134.578
414.587	151.146
413.23	149.28
411.874	125.301
410.517	151.075
409.16	128.946
407.802	151.027
406.445	138.113
405.087	136.249
403.729	145.432
402.371	141.728
401.012	134.344
399.653	143.523
398.295	158.219
396.935	128.762
395.576	165.525
394.217	152.627
392.857	134.217
391.497	148.902
390.137	137.85
388.776	148.855
387.416	146.994
386.055	126.762
384.694	152.458
383.333	134.068
381.971	152.41
380.61	141.37
379.248	154.197
377.886	137.654
376.523	139.467
375.161	155.959
373.798	146.761
372.435	139.401
371.072	132.043
369.708	144.858
368.345	139.335
366.981	126.481
365.617	128.294
364.253	137.436
362.888	126.421
361.523	128.233
360.158	148.36
358.793	135.518
357.428	146.482
356.062	148.29
354.697	142.775
353.331	155.563
351.964	168.348
350.598	173.81
349.231	182.929
347.864	223.138
346.497	201.158
345.13	226.724
343.763	193.782
342.395	201.062
341.027	162.652
339.659	195.517
338.29	151.638
336.922	180.841
335.553	142.458
334.184	129.653
332.815	138.761
331.445	151.518
330.075	156.97
328.705	136.87
327.335	131.375
325.965	158.719
324.594	142.278
323.224	145.903
321.853	147.703
320.481	144.033
319.11	165.885
317.738	173.149
316.367	143.964
314.994	158.518
313.622	187.641
312.25	185.79
310.877	205.793
309.504	211.223
308.131	194.804
306.757	231.179
305.384	203.842
304.01	198.351
302.636	201.958
301.262	194.649
299.887	187.343
298.512	158.216
297.137	178.192
295.762	145.44
294.387	147.234
293.011	149.028
291.636	154.456
290.26	158.065
288.883	145.324
287.507	141.669
286.13	127.118
284.753	147.071
283.376	134.339
281.999	147.024
280.621	145.186
279.244	139.719
277.866	137.882
276.487	125.163
275.109	123.329
273.73	141.443
272.351	125.103
270.972	126.896
269.593	132.313
268.214	152.227
266.834	135.895
265.454	135.874
264.074	124.984
262.693	121.342
261.313	146.673
259.932	132.166
258.551	130.335
257.169	126.694
255.788	135.722
254.406	150.175
253.024	132.061
251.642	141.084
250.26	121.168
248.877	122.957
247.494	126.553
246.111	135.571
244.728	126.513
243.345	128.3
241.961	148.154
240.577	137.291
239.193	148.106
237.808	122.8
236.424	126.392
235.039	133.593
233.654	135.377
232.269	124.527
230.883	137.138
229.498	131.704
228.112	129.879
226.726	110.019
225.339	126.231
223.953	128.014
222.566	146.021
221.179	140.59
219.792	129.755
218.404	115.319
217.017	118.904
215.629	138.699
214.241	131.473
212.852	126.05
211.464	126.03
210.075	127.81
208.686	138.589
207.297	129.569
205.907	116.953
204.518	138.522
203.128	124.111
201.738	118.696
200.347	131.264
198.957	133.04
197.566	134.817
196.175	125.809
194.784	122.195
193.392	134.752
192.001	127.545
190.609	107.767
189.217	125.709
187.824	123.893
186.432	122.078
185.039	143.598
183.646	105.887
182.253	132.786
180.859	138.147
179.466	114.805
178.072	130.929
176.678	129.115
175.283	134.473
173.889	127.281
172.494	134.43
171.099	137.993
169.704	129.012
168.308	132.574
166.913	114.64
165.517	145.068
164.121	127.138
162.724	116.376
161.328	121.728
159.931	123.498
158.534	139.584
157.137	148.508
155.739	121.65
154.342	135.94
152.944	132.341
151.546	123.38
150.147	119.784
148.749	123.34
147.35	130.469
145.951	139.383
144.552	126.854
143.152	130.407
141.752	135.744
140.352	119.65
138.952	133.915
137.552	124.968
136.151	133.873
134.751	140.99
133.35	137.399
131.948	119.535
130.547	155.193
129.145	142.683
127.743	114.128
126.341	140.855
124.939	139.049
123.536	115.856
122.133	130.094
120.73	138.983
119.327	140.742
117.923	162.095
116.52	126.449
115.116	113.964
113.711	140.652
112.307	121.048
110.902	131.708
109.498	144.143
108.093	131.665
106.687	119.192
105.282	133.402
103.876	135.159
102.47	119.134
101.064	136.894
99.6574	126.206
98.2507	104.859
96.8438	122.612
95.4367	135.029
94.0294	136.784
92.6218	119.001
91.2141	127.861
89.8061	124.289
88.3978	126.045
86.9894	124.25
85.5807	127.779
84.1718	138.405
82.7626	118.867
81.3533	150.778
79.9437	141.886
78.5339	157.823
77.1239	138.294
75.7136	131.181
74.3031	122.298
72.8924	148.861
71.4814	136.434
70.0703	143.498
68.6589	118.677
67.2473	120.429
65.8354	132.805
64.4233	139.865
63.011	125.682
61.5985	136.281
60.1858	138.028
58.7728	139.776
57.3596	134.446
55.9461	125.581
54.5325	111.413
53.1186	99.0178
51.7045	113.145
50.2901	100.754
48.8756	91.9009
47.4608	84.818
46.0458	88.3379
44.6305	77.7248
43.215	40.6224
41.7993	30.0204
40.3834	21.1875
38.9672	15.8881
37.5509	1.76506
36.1342	3.52955
34.7174	3.52898
33.3003	-3.52841
31.883	0
30.4655	1.76364
